NumElements = 100
1 0 0 0 0
2 0 0 0 -1
3 0 0 0 -1
4 0 0 0 -1
5 0 0 -1 -1
6 1 0 -1 0
7 1 0 0 0
8 0 0 -1 0
9 1 0 0 -1
10 0 0 0 -1
11 0 0 -1 0
12 1 1 -1 0
13 1 1 -1 0
14 1 1 0 0
15 0 1 -1 -1
16 1 0 -1 0
17 1 0 -1 0
18 1 0 0 0
19 0 1 -1 -1
20 1 1 0 -1
21 0 0 0 -1
22 0 0 0 0
23 0 0 -1 -1
24 1 0 -1 -1
25 1 1 0 -1
26 0 0 -1 0
27 1 0 -1 -1
28 1 0 -1 0
29 1 1 -1 0
30 1 1 0 0
31 0 1 0 0
32 0 0 0 0
33 0 1 -1 -1
34 1 1 -1 0
35 1 1 -1 -1
36 1 0 0 0
37 0 1 -1 0
38 1 0 0 0
39 0 0 -1 -1
40 1 0 0 0
41 0 0 -1 -1
42 1 0 -1 0
43 1 1 0 0
44 0 0 -1 0
45 1 1 -1 -1
46 1 0 0 0
47 0 0 0 -1
48 0 0 -1 0
49 1 1 -1 -1
50 1 0 0 -1
51 0 1 -1 -1
52 1 0 -1 -1
53 1 0 0 -1
54 0 0 0 -1
55 0 1 0 0
56 0 0 -1 -1
57 1 1 -1 0
58 1 0 -1 0
59 1 1 -1 0
60 1 1 0 -1
61 0 1 -1 -1
62 1 1 0 -1
63 0 1 0 -1
64 0 1 0 0
65 0 0 0 -1
66 0 1 0 -1
67 0 0 -1 -1
68 1 0 0 -1
69 0 0 0 -1
70 0 1 0 0
71 0 1 -1 -1
72 1 1 -1 -1
73 1 1 0 -1
74 0 0 0 -1
75 0 1 0 0
76 0 1 0 0
77 0 1 -1 -1
78 1 1 0 -1
79 0 1 0 -1
80 0 0 0 0
81 0 1 -1 0
82 1 1 -1 0
83 1 1 0 0
84 0 1 0 -1
85 0 0 -1 -1
86 1 0 -1 0
87 1 1 -1 0
88 1 1 0 0
89 0 1 0 0
90 0 0 0 -1
91 0 0 0 0
92 0 0 0 0
93 0 0 -1 0
94 1 1 0 0
95 0 1 0 0
96 0 0 0 0
97 0 0 -1 0
98 1 0 -1 0
99 1 0 0 0
100 0 1 0 0